0 1
0 3
0 8
0 10
0 13
0 26
1 3
1 4
1 17
1 18
1 20
1 23
1 24
2 5
2 7
2 18
2 23
2 29
3 0
3 5
3 6
3 7
3 10
3 22
3 29
4 7
4 13
4 20
4 25
4 29
5 0
5 6
5 10
6 0
6 11
6 25
7 1
7 6
7 27
8 0
8 5
8 6
8 11
8 13
8 16
8 19
8 22
9 2
9 11
9 13
9 15
9 22
9 23
10 6
10 13
10 16
10 20
10 24
10 26
11 9
11 15
11 16
11 20
11 22
12 1
12 11
12 13
12 17
12 25
12 26
13 3
13 7
13 24
13 28
14 1
14 3
14 4
14 9
14 18
14 19
14 21
14 28
15 2
15 19
15 23
15 24
15 26
16 2
16 3
16 13
17 4
17 9
17 11
17 13
17 16
18 4
18 5
18 9
18 13
18 29
19 1
19 10
19 12
20 6
20 11
20 14
20 17
20 18
20 21
20 28
21 5
21 8
21 12
21 29
22 7
22 14
22 16
22 19
22 23
23 0
23 1
23 4
23 8
23 15
24 8
24 10
24 12
24 16
24 17
24 23
24 27
25 6
25 13
25 19
25 26
25 27
25 29
26 4
26 5
26 7
26 23
27 2
27 4
27 13
27 14
27 15
27 16
27 18
27 22
27 24
28 4
28 12
28 17
28 24
28 25
29 6
29 25
29 27
